0,.9768083595635921,.02245036558355159,.0007412748528562146
.1,.8857073565470266,.11286059479845408,.0014320486545194035
.2,.8009376297294734,.19693954781434408,.0021228224561825925
.3,.7245988617730641,.27258754196909013,.002813596257845782
.4,.6557525670459727,.3407430628945182,.0035043700595089712
.5,.5934306020751241,.40237425406370375,.00419514386117216
.6,.5369389095218414,.4582653203212075,.004795770156951128
.7,.48572982471723924,.5089458171219776,.005324358160783144
.8,.4394476979881268,.554699355847258,.005852946164615161
.9,.39784656563165954,.5958758513237036,.006277583044636879
1,.3601977210592566,.6331276883640335,.006674590576709906
1.1,.3260960618122224,.6668323400789947,.0070715981087829324
1.2,.2950633263734397,.6975545601346349,.007382113491925444
1.3,.2668152564335601,.7255108466889877,.007673896877452195
1.4,.2412098718469563,.7508244478900648,.007965680262978943
1.5,.2186006209626431,.7731931981535269,.008206180883829966
1.6,.1978792142048471,.7937054902237674,.00841529557138552
1.7,.17884980081737534,.8125257889236835,.008624410258941074
1.8,.16189017208909817,.8292855832655739,.00882424464532793
1.9,.14666244422713415,.8443678140056562,.008969741767209657
2,.13252143733248833,.8583633237784203,.009115238889091383
2.1,.11999741279997567,.8707418511890512,.00926073601097311
2.2,.10869700533904669,.8819134138885109,.009389580772442428
2.3,.09802025207821485,.8924924430027885,.009487304918996691
2.4,.08901714151472162,.9013978294197275,.009585029065550955
2.5,.08041451674272548,.9099027300451692,.00968275321210522
2.6,.07288359768110697,.9173416132474604,.009774789071432526
2.7,.06591304308729606,.9242492790608624,.00983767785184157
2.8,.05964693432370183,.9304524990440476,.009900566632250616
2.9,.053997075444259246,.936039469143081,.009963455412659661
3,.04885591284565627,.941117742961275,.010026344193068706
3.1,.04422486716811347,.9456982258787434,.010076906953143058
3.2,.0400296701338122,.949855038177749,.010115291688438856
3.3,.03618008312892307,.9536662404473423,.010153676423734657
3.4,.03281498091344337,.9569929579275263,.010192061159030458
3.5,.029568795873747722,.960200758231926,.010230445894326258
3.6,.026902944082571323,.9628323112818947,.010264744635533974
3.7,.024224700508560626,.9654886478975322,.010286651593907237
3.8,.022007214490339266,.9676842269573802,.0103085585522805
3.9,.01991863108301306,.9697509034063332,.010330465510653763
4,.017944959676187477,.9717026678547854,.010352372469027024
4.1,.01634486254549017,.9732808580271095,.010374279427400287
4.2,.014742389663804922,.9748637997014095,.010393810634785615
4.3,.013334978603478431,.976259759098994,.010405262297527588
4.4,.012123618528295355,.9774596675114351,.010416713960269563
4.5,.010912258453112278,.9786595759238762,.010428165623011536
4.6,.009885882996137574,.9796744997181089,.01043961728575351
4.7,.0089956388526502,.9805532921988542,.010451068948495483
4.8,.00810539470916305,.9814320846795995,.010462520611237456
4.9,.0073167411775909574,.9822104364162456,.01047282240616351
5,.006673918568400827,.9828479431045138,.010478138327085273
5.1,.006031095959210808,.9834854497927822,.010483454248007036
5.2,.005388273350020789,.9841229564810504,.0104887701689288
5.3,.0049331938531228525,.9845727200570266,.010494086089850564
5.4,.004486156763392812,.9850144412258348,.010499402010772327
5.5,.004039119673662772,.9854561623946432,.01050471793169409
5.6,.0036208426459068965,.9858691235014773,.010510033852615853
5.7,.0033208650263679695,.9861637852000944,.010515349773537618
5.8,.0030184890261126807,.9864632436601444,.010518267313743036
5.9,.002715291387596408,.9867643453967159,.010520363215687693
6,.002420127522803961,.9870574133595638,.01052245911763235
6.1,.002223619773890184,.9872518252065328,.010524555019577006
6.2,.0020271120249764074,.9874462370535019,.010526650921521663
6.3,.0018306042760626307,.987640648900471,.010528746823466318
6.4,.001634096527148965,.98783506074744,.010530842725410975
6.5,.0014802382551220017,.9879868231175223,.010532938627355631
6.6,.0013578845742225898,.9881070808964771,.010535034529300288
6.7,.0012355308933229558,.9882273386754321,.010537130431244945
6.8,.001112632809660563,.9883486852599127,.010538681930426752
6.9,.0009888549949345071,.9884717913065206,.01053935369854481
7,.000899897119416071,.988560077413921,.010540025466662868
7.1,.0008252286982209922,.9886340740669981,.010540697234780926
7.2,.0007505602770258024,.9887080707200752,.010541369002898983
7.3,.0006758918558307236,.9887820673731522,.010542040771017043
7.4,.0006012234346355338,.9888560640262294,.0105427125391351
7.5,.000542942539632163,.9889136731531147,.010543384307253158
7.6,.0004993231004871701,.9889566208241416,.010544056075371216
7.7,.00045570366134228824,.9889995684951685,.010544727843489273
7.8,.00041208422219729535,.9890425161661954,.010545399611607331
7.9,.00036846478305230246,.9890854638372223,.010546071379725389
8,.0003264510912793783,.9891268057608772,.010546743147843447
8.1,.000301289901183055,.9891517387954577,.01054697130335925
8.2,.0002760751307382403,.9891767789907352,.010547145878526554
8.3,.0002508603602934256,.9892018191860127,.010547320453693857
8.4,.00022564558984861094,.9892268593812902,.01054749502886116
8.5,.00020043081940368523,.9892518995765679,.010547669604028465
8.6,.0001797629018435165,.9892723929189607,.010547844179195768
8.7,.0001657263140768528,.9892862549315601,.010548018754363073
8.8,.0001516897263103001,.9893001169441593,.010548193329530376
8.9,.00013765313854363637,.9893139789567587,.010548367904697679
9,.00012361655077697264,.989327840969358,.010548542479864984
9.1,.0001095799630101979,.9893417029819576,.010548717055032287
9.2,9.871595230359631e-05,.9893523924174968,.01054889163019959
9.3,9.113066448629414e-05,.9893598031301468,.010549066205366895
9.4,8.354537666888096e-05,.9893672138427969,.010549240780534198
9.5,7.584531604221123e-05,.9893748541010656,.010549300582892197
9.6,6.812357971697214e-05,.9893825377107315,.010549338709551595
9.7,6.040184339162202e-05,.9893902213203973,.010549376836210992
9.8,5.384985269818454e-05,.9893967351844314,.01054941496287039
9.9,4.976376963394813e-05,.9894007831408362,.010549453089529785
10,4.567768656971172e-05,.9894048310972411,.010549491216189182
10.1,4.1591603505475305e-05,.9894088790536459,.01054952934284858
10.2,3.750552044123889e-05,.9894129270100508,.010549567469507975
10.3,3.341943737700248e-05,.9894169749664556,.010549605596167373
10.4,2.933335431287709e-05,.9894210229228604,.01054964372282677
10.5,2.6983917181810924e-05,.9894233342333321,.010549681849486167
10.6,2.489499459379374e-05,.9894253850292606,.010549719976145563
10.7,2.280607200588758e-05,.9894274358251891,.01054975810280496
10.8,2.0717149417870395e-05,.9894294866211177,.010549796229464357
10.9,1.862822682985321e-05,.9894315374170464,.010549834356123753
11,1.6528171745355813e-05,.989433610477968,.010549861350286674
11.1,1.4517593552421104e-05,.9894356141381302,.01054986826831736
11.2,1.346373303623416e-05,.9894366610806158,.010549875186348045
11.3,1.2409872519825171e-05,.9894377080231014,.01054988210437873
11.4,1.1356012003638227e-05,.989438754965587,.010549889022409416
11.5,1.0302151487451283e-05,.9894398019080725,.010549895940440101
11.6,9.248290971264339e-06,.9894408488505579,.010549902858470787
11.7,8.194430454966373e-06,.9894418957930435,.010549909776501472
11.8,7.140569938779429e-06,.989442942735529,.010549916694532159
11.9,6.629390688184245e-06,.9894434469967489,.010549923612562843
12,6.1268310744821974e-06,.989443942638332,.010549930530593528
12.1,5.62427146078015e-06,.989444438279915,.010549937448624215
12.2,5.121711846967081e-06,.9894449339214981,.0105499443666549
12.3,4.619152233265034e-06,.9894454295630811,.010549951284685586
12.4,4.116592619674009e-06,.9894459252046641,.01054995820271627
12.5,3.6140330058609393e-06,.9894464208462472,.010549965120746957
12.6,3.241394049280366e-06,.9894467865671731,.010549972038777642
12.7,3.0133652884067885e-06,.9894470080582464,.010549978576465283
12.8,2.779774623706821e-06,.9894472406731271,.010549979552249239
12.9,2.546183959117876e-06,.9894474732880076,.010549980528033194
13,2.3125932944179084e-06,.9894477059028884,.01054998150381715
13.1,2.0790026298289632e-06,.9894479385177691,.010549982479601105
13.2,1.8454119651289957e-06,.9894481711326498,.01054998345538506
13.3,1.6118213005400506e-06,.9894484037475304,.010549984431169016
13.4,1.4466004646385144e-06,.9894485679925824,.010549985406952971
13.5,1.3446067876898837e-06,.9894486690104755,.010549986382736926
13.6,1.2426131106302307e-06,.9894487700283685,.010549987358520883
13.7,1.1406194335705777e-06,.9894488710462616,.010549988334304839
13.8,1.0386257565109247e-06,.9894489720641547,.010549989310088794
13.9,9.36632079562294e-07,.9894490730820477,.01054999028587275
14,8.34638402502641e-07,.9894491740999408,.010549991261656705
14.1,7.326447255540103e-07,.9894492751178338,.01054999223744066
14.2,6.348344098183745e-07,.9894493719523656,.010549993213224616
14.3,5.929860138476073e-07,.9894494128249776,.010549994189008571
14.4,5.511376177658178e-07,.9894494536975896,.010549995164792526
14.5,5.092892217950507e-07,.9894494945702017,.010549996140576482
14.6,4.674408258242835e-07,.9894495354428137,.010549997116360439
14.7,4.2523603005495403e-07,.9894495770282252,.010549997735744651
14.8,3.825069289087324e-07,.9894496196622478,.010549997830823284
14.9,3.3977782754046615e-07,.9894496622962705,.010549997925901916
15,2.970487262832222e-07,.9894497049302932,.010549998020980547
15.1,2.558040705924469e-07,.9894497460798702,.01054999811605918
15.2,2.391542306412475e-07,.9894497626346316,.010549998211137812
15.3,2.2250439046800352e-07,.989449779189393,.010549998306216444
15.4,2.0585455062782643e-07,.9894497957441543,.010549998401295075
15.5,1.8920471056560473e-07,.9894498122989157,.010549998496373707
15.6,1.7255487061440533e-07,.989449828853677,.01054999859145234
15.7,1.5590503044116133e-07,.9894498454084385,.010549998686530972
15.8,1.3925519048996193e-07,.9894498619631998,.010549998781609603
15.9,1.2260535064978484e-07,.9894498785179612,.010549998876688236
16,1.0595551058756314e-07,.9894498950727226,.010549998971766868
16.1,9.359448172041596e-08,.9894499073386728,.0105499990668455
16.2,8.75911480013869e-08,.9894499132469279,.010549999161924131
16.3,8.158781417133554e-08,.9894499191551831,.010549999257002764
16.4,7.558448045230648e-08,.9894499250634382,.010549999352081396
16.5,6.958114673327742e-08,.9894499309716933,.010549999447160029
16.6,6.357781301424836e-08,.9894499368799483,.01054999954223866
16.7,5.7574479184197e-08,.9894499427882035,.010549999637317292
16.8,5.1571145465167945e-08,.9894499486964586,.010549999732395924
16.9,4.5567811635116584e-08,.9894499546047139,.010549999827474557
17,3.9509395310943773e-08,.9894499606231342,.01054999986747057
17.1,3.346198629294861e-08,.989449966665579,.010549999872434587
17.2,3.142239080045073e-08,.9894499687002106,.010549999877398606
17.3,2.9382795196930545e-08,.9894499707348421,.010549999882362623
17.4,2.7343199704432664e-08,.9894499727694737,.01054999988732664
17.5,2.5303604211934783e-08,.9894499748041051,.010549999892290659
17.6,2.32640087194369e-08,.9894499768387366,.010549999897254676
17.7,2.1224413115916718e-08,.9894499788733682,.010549999902218693
17.8,1.9184817623418837e-08,.9894499809079996,.01054999990718271
17.9,1.7145222130920956e-08,.9894499829426311,.010549999912146729
18,1.5105626527400773e-08,.9894499849772628,.010549999917110746
18.1,1.3066031034902892e-08,.9894499870118942,.010549999922074763
18.2,1.1026435431382708e-08,.9894499890465258,.01054999992703878
18.3,1.0073678891053817e-08,.9894499899943183,.010549999932002799
18.4,9.457019944925094e-09,.9894499906060132,.010549999936966816
18.5,8.84036099879637e-09,.9894499912177082,.010549999941930833
18.6,8.223701941645345e-09,.9894499918294032,.010549999946894852
18.7,7.607042995516622e-09,.9894499924410981,.010549999951858869
18.8,6.990384160410201e-09,.989449993052793,.010549999956822886
18.9,6.373725103259176e-09,.989449993664488,.010549999961786903
19,5.75706604610815e-09,.9894499942761831,.010549999966750922
19.1,5.140407099979427e-09,.989449994887878,.010549999971714939
19.2,4.523748153850704e-09,.9894499954995729,.010549999976678956
19.3,3.907089207721981e-09,.9894499961112678,.010549999981642973
19.4,3.2904301505709554e-09,.9894499967229629,.010549999986606991
19.5,2.867809212325767e-09,.9894499971406198,.010549999991571008
19.6,2.630967887995439e-09,.9894499973724971,.010549999996535026
19.7,2.3914903390931386e-09,.9894499976096468,.010549999998862794
19.8,2.1497905677847484e-09,.9894499978512411,.010549999998968298
19.9,1.9080907964763583e-09,.9894499980928354,.010549999999073802
